"","x"
"HR_a0",0.994457494477094
"MSE_a0",0.0123319230165664
"lower_a0",0.795207508127758
"upper_a0",1.24363824784305
"CI_width_a0",0.448430739715291
"CI_a0",0.954436450839328
"power_a0",0.0359712230215827
"se_a0",NA
"age_a0",NA
"sex2_a0",NA
"HR_0",1.00611220811736
"MSE_0",0.0155459226698968
"lower_0",0.790163110055668
"upper_0",1.28108190191622
"CI_width_0",0.490918791860549
"CI_0",0.959232613908873
"power_0",0.026378896882494
"se_0",NA
"age_0",NA
"sex2_0",NA
"HR_0.25",1.00702625655161
"MSE_0.25",0.0131426071961529
"lower_0.25",0.798655625966596
"upper_0.25",1.26976434212536
"CI_width_0.25",0.471108716158762
"CI_0.25",0.956834532374101
"power_0.25",0.0311750599520384
"se_0.25",NA
"age_0.25",NA
"sex2_0.25",NA
"HR_0.5",1.00753308208368
"MSE_0.5",0.0120029909552402
"lower_0.5",0.805271006489242
"upper_0.5",1.26060271136578
"CI_width_0.5",0.455331704876534
"CI_0.5",0.964028776978417
"power_0.5",0.0239808153477218
"se_0.5",NA
"age_0.5",NA
"sex2_0.5",NA
"HR_0.75",1.00775386447252
"MSE_0.75",0.0115267886620092
"lower_0.75",0.810555682065936
"upper_0.75",1.25293436621587
"CI_width_0.75",0.442378684149937
"CI_0.75",0.966426858513189
"power_0.75",0.0191846522781775
"se_0.75",NA
"age_0.75",NA
"sex2_0.75",NA
"HR_1",1.00776813557169
"MSE_1",0.0114179758024203
"lower_1",0.814859622574211
"upper_1",1.24635323336934
"CI_width_1",0.431493610795133
"CI_1",0.956834532374101
"power_1",0.0239808153477218
"se_1",NA
"age_1",NA
"sex2_1",NA
"HR_f",NA
"MSE_f",NA
"lower_f",NA
"upper_f",NA
"CI_width_f",NA
"CI_f",NA
"power_f",NA
"se_f",NA
"age_f",NA
"sex2_f",NA
"HR_iptw",0.996029323951722
"MSE_iptw",0.014578833531991
"lower_iptw",0.781810727717455
"upper_iptw",1.26918081321051
"CI_width_iptw",0.487370085493058
"CI_iptw",0.959232613908873
"power_iptw",0.0287769784172662
"se_iptw",NA
"age_iptw",0.00556048472807159
"sex2_iptw",0.31093335603763
"HR_cox",1.00547231304374
"MSE_cox",0.0160545533763493
"lower_cox",0.788372403400318
"upper_cox",1.28236006777654
"CI_width_cox",0.493987664376223
"CI_cox",0.947242206235012
"power_cox",0.0311750599520384
"se_cox",NA
"age_cox",0.00900680660718358
"sex2_cox",0.234845890679098
"HR_com_cauchy",NA
"MSE_com_cauchy",NA
"lower_com_cauchy",NA
"upper_com_cauchy",NA
"CI_width_com_cauchy",NA
"CI_com_cauchy",NA
"power_com_cauchy",NA
"se_com_cauchy",NA
"age_com_cauchy",NA
"sex2_com_cauchy",NA
"HR_com_a0",NA
"MSE_com_a0",NA
"lower_com_a0",NA
"upper_com_a0",NA
"CI_width_com_a0",NA
"CI_com_a0",NA
"power_com_a0",NA
"se_com_a0",NA
"age_com_a0",NA
"sex2_com_a0",NA
"HR_a0_v1",0.979366803301255
"MSE_a0_v1",0.0126157889029284
"lower_a0_v1",0.785018739111128
"upper_a0_v1",1.22183665486273
"CI_width_a0_v1",0.436817915751601
"CI_a0_v1",0.94220623501199
"power_a0_v1",0.0489208633093525
"se_a0_v1",NA
"age_a0_v1",NA
"sex2_a0_v1",NA
"SE_a0",0.114090874584717
"a0_logHR",-0.0118344446206279
"bias_a0",NA
"scale",0.915510240556758
"mean_a0",0.483093305409989
"a0_wt_ecog0",0.480168855902092
"a0_wt_ecog1",0.484560368321434
"a0_wt_ecogNA",0.483729753311219
"a0_wt_int1",0.4930092441247
"a0_wt_int2",0.458289732646013
"a0_mean_q0.1",0.103285098321343
"a0_wt_int1_q0.1",0.123270335731415
"a0_wt_int2_q0.1",0.0846532110311751
"a0_mean_q0.25",0.245665407673861
"a0_wt_int1_q0.25",0.268910851318945
"a0_wt_int2_q0.25",0.204256822541966
"a0_mean_q0.5",0.476519580335731
"a0_wt_int1_q0.5",0.488438645083933
"a0_wt_int2_q0.5",0.439611103117506
"a0_mean_q0.75",0.714099460431655
"a0_wt_int1_q0.75",0.713241001199041
"a0_wt_int2_q0.75",0.700632236211031
"a0_mean_q0.9",0.878508021582734
"a0_wt_int1_q0.9",0.875142405275779
"a0_wt_int2_q0.9",0.861945203836931
"a0_wts_0_1",0.495944526378897
"a0_wts_1_1",0.491286865707434
"a0_wts_2_1",0.493463906938965
"a0_wts_0_2",NA
"a0_wts_1_2",0.46596215103413
"a0_wts_2_2",0.45833234879125
"nu_trt",200
"nu_ctrl",100
"nu_h",54.4220623501199
"T1E",1
"a0_wt_obs",0.491163229112166
"a0_wt_cen",0.476188007257891
"HR_e0.15_t_0.975",1.00194295760685
"MSE_e0.15_t_0.975",0.0140942339509553
"lower_e0.15_t_0.975",0.792895412049325
"upper_e0.15_t_0.975",1.26619439336835
"CI_width_e0.15_t_0.975",0.473298981319028
"CI_e0.15_t_0.975",0.954436450839328
"power_e0.15_t_0.975",0.0311750599520384
"se_e0.15_t_0.975",NA
"age_e0.15_t_0.975",NA
"sex2_e0.15_t_0.975",NA
"HR_e0.20_t_0.975",1.00165218723137
"MSE_e0.20_t_0.975",0.0140872880744281
"lower_e0.20_t_0.975",0.792683891014198
"upper_e0.20_t_0.975",1.26579788668115
"CI_width_e0.20_t_0.975",0.47311399566695
"CI_e0.20_t_0.975",0.954436450839328
"power_e0.20_t_0.975",0.0311750599520384
"se_e0.20_t_0.975",NA
"age_e0.20_t_0.975",NA
"sex2_e0.20_t_0.975",NA
"HR_e0.25_t_0.975",1.00136210281765
"MSE_e0.25_t_0.975",0.0140812194500537
"lower_e0.25_t_0.975",0.792472798312641
"upper_e0.25_t_0.975",1.26540243167541
"CI_width_e0.25_t_0.975",0.472929633362769
"CI_e0.25_t_0.975",0.954436450839328
"power_e0.25_t_0.975",0.0311750599520384
"se_e0.25_t_0.975",NA
"age_e0.25_t_0.975",NA
"sex2_e0.25_t_0.975",NA
"HR_e0.30_t_0.975",1.00107269869843
"MSE_e0.30_t_0.975",0.014076022315791
"lower_e0.30_t_0.975",0.792262129904405
"upper_e0.30_t_0.975",1.26500802041502
"CI_width_e0.30_t_0.975",0.472745890510616
"CI_e0.30_t_0.975",0.954436450839328
"power_e0.30_t_0.975",0.0311750599520384
"se_e0.30_t_0.975",NA
"age_e0.30_t_0.975",NA
"sex2_e0.30_t_0.975",NA
"HR_e0.35_t_0.975",1.0007839692271
"MSE_e0.35_t_0.975",0.0140716910030626
"lower_e0.35_t_0.975",0.792051881759728
"upper_e0.35_t_0.975",1.26461464500003
"CI_width_e0.35_t_0.975",0.472562763240299
"CI_e0.35_t_0.975",0.954436450839328
"power_e0.35_t_0.975",0.0311750599520384
"se_e0.35_t_0.975",NA
"age_e0.35_t_0.975",NA
"sex2_e0.35_t_0.975",NA
"HR_e0.40_t_0.975",1.00049590877702
"MSE_e0.40_t_0.975",0.0140682199360292
"lower_e0.40_t_0.975",0.791842049858742
"upper_e0.40_t_0.975",1.26422229756584
"CI_width_e0.40_t_0.975",0.472380247707101
"CI_e0.40_t_0.975",0.954436450839328
"power_e0.40_t_0.975",0.0311750599520384
"se_e0.40_t_0.975",NA
"age_e0.40_t_0.975",NA
"sex2_e0.40_t_0.975",NA
"HR_e0.15_t_0.950",1.00221025687839
"MSE_e0.15_t_0.950",0.0132613986186136
"lower_e0.15_t_0.950",0.795973959583299
"upper_e0.15_t_0.950",1.26196342645038
"CI_width_e0.15_t_0.950",0.465989466867085
"CI_e0.15_t_0.950",0.956834532374101
"power_e0.15_t_0.950",0.0311750599520384
"se_e0.15_t_0.950",NA
"age_e0.15_t_0.950",NA
"sex2_e0.15_t_0.950",NA
"HR_e0.20_t_0.950",1.00179158867819
"MSE_e0.20_t_0.950",0.0132591457538944
"lower_e0.20_t_0.950",0.795663119594458
"upper_e0.20_t_0.950",1.26140236950672
"CI_width_e0.20_t_0.950",0.465739249912266
"CI_e0.20_t_0.950",0.956834532374101
"power_e0.20_t_0.950",0.0311750599520384
"se_e0.20_t_0.950",NA
"age_e0.20_t_0.950",NA
"sex2_e0.20_t_0.950",NA
"HR_e0.25_t_0.950",1.00137370418347
"MSE_e0.25_t_0.950",0.0132582886510844
"lower_e0.25_t_0.950",0.795352744284344
"upper_e0.25_t_0.950",1.26084255312151
"CI_width_e0.25_t_0.950",0.465489808837163
"CI_e0.25_t_0.950",0.956834532374101
"power_e0.25_t_0.950",0.0311750599520384
"se_e0.25_t_0.950",NA
"age_e0.25_t_0.950",NA
"sex2_e0.25_t_0.950",NA
"HR_e0.30_t_0.950",1.00095659590742
"MSE_e0.30_t_0.950",0.0132588206689992
"lower_e0.30_t_0.950",0.795042828135213
"upper_e0.30_t_0.950",1.2602839671073
"CI_width_e0.30_t_0.950",0.465241138972092
"CI_e0.30_t_0.950",0.956834532374101
"power_e0.30_t_0.950",0.0311750599520384
"se_e0.30_t_0.950",NA
"age_e0.30_t_0.950",NA
"sex2_e0.30_t_0.950",NA
"HR_e0.35_t_0.950",1.00054025637584
"MSE_e0.35_t_0.950",0.0132607352942953
"lower_e0.35_t_0.950",0.794733365631974
"upper_e0.35_t_0.950",1.25972660130527
"CI_width_e0.35_t_0.950",0.464993235673296
"CI_e0.35_t_0.950",0.956834532374101
"power_e0.35_t_0.950",0.0311750599520384
"se_e0.35_t_0.950",NA
"age_e0.35_t_0.950",NA
"sex2_e0.35_t_0.950",NA
"HR_e0.40_t_0.950",1.00012467812625
"MSE_e0.40_t_0.950",0.0132640261408837
"lower_e0.40_t_0.950",0.794424351261333
"upper_e0.40_t_0.950",1.25917044558409
"CI_width_e0.40_t_0.950",0.464746094322756
"CI_e0.40_t_0.950",0.956834532374101
"power_e0.40_t_0.950",0.0311750599520384
"se_e0.40_t_0.950",NA
"age_e0.40_t_0.950",NA
"sex2_e0.40_t_0.950",NA
"HR_e0.15_t_0.925",1.00362897281415
"MSE_e0.15_t_0.925",0.0123236378866176
"lower_e0.15_t_0.925",0.799687022623807
"upper_e0.15_t_0.925",1.25963353071391
"CI_width_e0.15_t_0.925",0.459946508090101
"CI_e0.15_t_0.925",0.961630695443645
"power_e0.15_t_0.925",0.0287769784172662
"se_e0.15_t_0.925",NA
"age_e0.15_t_0.925",NA
"sex2_e0.15_t_0.925",NA
"HR_e0.20_t_0.925",1.00308172391136
"MSE_e0.20_t_0.925",0.0123280215625213
"lower_e0.20_t_0.925",0.799273953072207
"upper_e0.20_t_0.925",1.25891077197673
"CI_width_e0.20_t_0.925",0.459636818904522
"CI_e0.20_t_0.925",0.961630695443645
"power_e0.20_t_0.925",0.0287769784172662
"se_e0.20_t_0.925",NA
"age_e0.20_t_0.925",NA
"sex2_e0.20_t_0.925",NA
"HR_e0.25_t_0.925",1.00253531435206
"MSE_e0.25_t_0.925",0.0123345080196861
"lower_e0.25_t_0.925",0.798861333580954
"upper_e0.25_t_0.925",1.25818941684367
"CI_width_e0.25_t_0.925",0.459328083262715
"CI_e0.25_t_0.925",0.961630695443645
"power_e0.25_t_0.925",0.0287769784172662
"se_e0.25_t_0.925",NA
"age_e0.25_t_0.925",NA
"sex2_e0.25_t_0.925",NA
"HR_e0.30_t_0.925",1.0019897343304
"MSE_e0.30_t_0.925",0.0123430901031947
"lower_e0.30_t_0.925",0.798449175010346
"upper_e0.30_t_0.925",1.2574694237208
"CI_width_e0.30_t_0.925",0.459020248710458
"CI_e0.30_t_0.925",0.961630695443645
"power_e0.30_t_0.925",0.0287769784172662
"se_e0.30_t_0.925",NA
"age_e0.30_t_0.925",NA
"sex2_e0.30_t_0.925",NA
"HR_e0.35_t_0.925",1.00144497402952
"MSE_e0.35_t_0.925",0.0123537608384035
"lower_e0.35_t_0.925",0.798037469857168
"upper_e0.35_t_0.925",1.25675077969446
"CI_width_e0.35_t_0.925",0.458713309837289
"CI_e0.35_t_0.925",0.959232613908873
"power_e0.35_t_0.925",0.0311750599520384
"se_e0.35_t_0.925",NA
"age_e0.35_t_0.925",NA
"sex2_e0.35_t_0.925",NA
"HR_e0.40_t_0.925",1.00090102362116
"MSE_e0.40_t_0.925",0.0123665134304812
"lower_e0.40_t_0.925",0.797626210598594
"upper_e0.40_t_0.925",1.25603347185438
"CI_width_e0.40_t_0.925",0.458407261255786
"CI_e0.40_t_0.925",0.959232613908873
"power_e0.40_t_0.925",0.0311750599520384
"se_e0.40_t_0.925",NA
"age_e0.40_t_0.925",NA
"sex2_e0.40_t_0.925",NA
"HR_e0.15_t_0.900",1.00463062114804
"MSE_e0.15_t_0.900",0.0120794039019599
"lower_e0.15_t_0.900",0.801963563766465
"upper_e0.15_t_0.900",1.25854063918289
"CI_width_e0.15_t_0.900",0.456577075416425
"CI_e0.15_t_0.900",0.964028776978417
"power_e0.15_t_0.900",0.026378896882494
"se_e0.15_t_0.900",NA
"age_e0.15_t_0.900",NA
"sex2_e0.15_t_0.900",NA
"HR_e0.20_t_0.900",1.00401449007176
"MSE_e0.20_t_0.900",0.0120797778026895
"lower_e0.20_t_0.900",0.801494469736498
"upper_e0.20_t_0.900",1.25773323492276
"CI_width_e0.20_t_0.900",0.456238765186259
"CI_e0.20_t_0.900",0.964028776978417
"power_e0.20_t_0.900",0.026378896882494
"se_e0.20_t_0.900",NA
"age_e0.20_t_0.900",NA
"sex2_e0.20_t_0.900",NA
"HR_e0.25_t_0.900",1.00339920131305
"MSE_e0.25_t_0.900",0.0120826284535284
"lower_e0.25_t_0.900",0.801025806079224
"upper_e0.25_t_0.900",1.25692727305382
"CI_width_e0.25_t_0.900",0.455901466974596
"CI_e0.25_t_0.900",0.964028776978417
"power_e0.25_t_0.900",0.026378896882494
"se_e0.25_t_0.900",NA
"age_e0.25_t_0.900",NA
"sex2_e0.25_t_0.900",NA
"HR_e0.30_t_0.900",1.0027847440872
"MSE_e0.30_t_0.900",0.0120879490659665
"lower_e0.30_t_0.900",0.800557582761619
"upper_e0.30_t_0.900",1.25612271093557
"CI_width_e0.30_t_0.900",0.45556512817395
"CI_e0.30_t_0.900",0.964028776978417
"power_e0.30_t_0.900",0.026378896882494
"se_e0.30_t_0.900",NA
"age_e0.30_t_0.900",NA
"sex2_e0.30_t_0.900",NA
"HR_e0.35_t_0.900",1.00217110758767
"MSE_e0.35_t_0.900",0.0120957330588091
"lower_e0.35_t_0.900",0.800089791406985
"upper_e0.35_t_0.900",1.25531953454647
"CI_width_e0.35_t_0.900",0.455229743139481
"CI_e0.35_t_0.900",0.964028776978417
"power_e0.35_t_0.900",0.026378896882494
"se_e0.35_t_0.900",NA
"age_e0.35_t_0.900",NA
"sex2_e0.35_t_0.900",NA
"HR_e0.40_t_0.900",1.00155828098546
"MSE_e0.40_t_0.900",0.0121059740580924
"lower_e0.40_t_0.900",0.799622423608867
"upper_e0.40_t_0.900",1.25451772985659
"CI_width_e0.40_t_0.900",0.45489530624772
"CI_e0.40_t_0.900",0.961630695443645
"power_e0.40_t_0.900",0.0287769784172662
"se_e0.40_t_0.900",NA
"age_e0.40_t_0.900",NA
"sex2_e0.40_t_0.900",NA
"HR_e0.15_t_0.000",1.00555409958182
"MSE_e0.15_t_0.000",0.011983199701981
"lower_e0.15_t_0.000",0.803753559054716
"upper_e0.15_t_0.000",1.25802606541957
"CI_width_e0.15_t_0.000",0.454272506364857
"CI_e0.15_t_0.000",0.964028776978417
"power_e0.15_t_0.000",0.026378896882494
"se_e0.15_t_0.000",NA
"age_e0.15_t_0.000",NA
"sex2_e0.15_t_0.000",NA
"HR_e0.20_t_0.000",1.00489595611382
"MSE_e0.20_t_0.000",0.0119820723009887
"lower_e0.20_t_0.000",0.803248488081199
"upper_e0.20_t_0.000",1.25716983312048
"CI_width_e0.20_t_0.000",0.453921345039281
"CI_e0.20_t_0.000",0.964028776978417
"power_e0.20_t_0.000",0.026378896882494
"se_e0.20_t_0.000",NA
"age_e0.20_t_0.000",NA
"sex2_e0.20_t_0.000",NA
"HR_e0.25_t_0.000",1.00423855089282
"MSE_e0.25_t_0.000",0.0119836706861763
"lower_e0.25_t_0.000",0.802743746246984
"upper_e0.25_t_0.000",1.25631494206241
"CI_width_e0.25_t_0.000",0.453571195815424
"CI_e0.25_t_0.000",0.964028776978417
"power_e0.25_t_0.000",0.026378896882494
"se_e0.25_t_0.000",NA
"age_e0.25_t_0.000",NA
"sex2_e0.25_t_0.000",NA
"HR_e0.30_t_0.000",1.00358187157465
"MSE_e0.30_t_0.000",0.0119879898009981
"lower_e0.30_t_0.000",0.802239342099675
"upper_e0.30_t_0.000",1.2554613479323
"CI_width_e0.30_t_0.000",0.453222005832627
"CI_e0.30_t_0.000",0.964028776978417
"power_e0.30_t_0.000",0.026378896882494
"se_e0.30_t_0.000",NA
"age_e0.30_t_0.000",NA
"sex2_e0.30_t_0.000",NA
"HR_e0.35_t_0.000",1.00292590575211
"MSE_e0.35_t_0.000",0.0119950248434612
"lower_e0.35_t_0.000",0.8017352658062
"upper_e0.35_t_0.000",1.25460903499094
"CI_width_e0.35_t_0.000",0.452873769184743
"CI_e0.35_t_0.000",0.964028776978417
"power_e0.35_t_0.000",0.026378896882494
"se_e0.35_t_0.000",NA
"age_e0.35_t_0.000",NA
"sex2_e0.35_t_0.000",NA
"HR_e0.40_t_0.000",1.00227064095244
"MSE_e0.40_t_0.000",0.0120047712678739
"lower_e0.40_t_0.000",0.801231507464783
"upper_e0.40_t_0.000",1.253757987444
"CI_width_e0.40_t_0.000",0.452526479979219
"CI_e0.40_t_0.000",0.964028776978417
"power_e0.40_t_0.000",0.026378896882494
"se_e0.40_t_0.000",NA
"age_e0.40_t_0.000",NA
"sex2_e0.40_t_0.000",NA
"HR_q1.00_t_0.975",1.00253390528876
"MSE_q1.00_t_0.975",0.0142128684223677
"lower_q1.00_t_0.975",0.79343478533823
"upper_q1.00_t_0.975",1.2668291748776
"CI_width_q1.00_t_0.975",0.473394389539368
"CI_q1.00_t_0.975",0.954436450839328
"power_q1.00_t_0.975",0.0311750599520384
"se_q1.00_t_0.975",NA
"age_q1.00_t_0.975",NA
"sex2_q1.00_t_0.975",NA
"HR_q1.25_t_0.975",1.0025929841128
"MSE_q1.25_t_0.975",0.0141866723049728
"lower_q1.25_t_0.975",0.793457173715591
"upper_q1.25_t_0.975",1.26694186952275
"CI_width_q1.25_t_0.975",0.473484695807156
"CI_q1.25_t_0.975",0.954436450839328
"power_q1.25_t_0.975",0.0311750599520384
"se_q1.25_t_0.975",NA
"age_q1.25_t_0.975",NA
"sex2_q1.25_t_0.975",NA
"HR_q1.50_t_0.975",1.002631777428
"MSE_q1.50_t_0.975",0.0141713556367976
"lower_q1.50_t_0.975",0.793471277397847
"upper_q1.50_t_0.975",1.26701681307473
"CI_width_q1.50_t_0.975",0.473545535676884
"CI_q1.50_t_0.975",0.954436450839328
"power_q1.50_t_0.975",0.0311750599520384
"se_q1.50_t_0.975",NA
"age_q1.50_t_0.975",NA
"sex2_q1.50_t_0.975",NA
"HR_q2.00_t_0.975",1.00267964093599
"MSE_q2.00_t_0.975",0.0141546177483107
"lower_q2.00_t_0.975",0.793488013565686
"upper_q2.00_t_0.975",1.26711033081086
"CI_width_q2.00_t_0.975",0.473622317245171
"CI_q2.00_t_0.975",0.954436450839328
"power_q2.00_t_0.975",0.0311750599520384
"se_q2.00_t_0.975",NA
"age_q2.00_t_0.975",NA
"sex2_q2.00_t_0.975",NA
"HR_q3.00_t_0.975",1.00272684556827
"MSE_q3.00_t_0.975",0.0141405485659396
"lower_q3.00_t_0.975",0.793503788522686
"upper_q3.00_t_0.975",1.2672037176078
"CI_width_q3.00_t_0.975",0.473699929085119
"CI_q3.00_t_0.975",0.954436450839328
"power_q3.00_t_0.975",0.0311750599520384
"se_q3.00_t_0.975",NA
"age_q3.00_t_0.975",NA
"sex2_q3.00_t_0.975",NA
"HR_q1.00_t_0.950",1.00325351547233
"MSE_q1.00_t_0.950",0.0134718646188426
"lower_q1.00_t_0.950",0.796846219776934
"upper_q1.00_t_0.950",1.26320931511396
"CI_width_q1.00_t_0.950",0.466363095337028
"CI_q1.00_t_0.950",0.954436450839328
"power_q1.00_t_0.950",0.0311750599520384
"se_q1.00_t_0.950",NA
"age_q1.00_t_0.950",NA
"sex2_q1.00_t_0.950",NA
"HR_q1.25_t_0.950",1.00330142486472
"MSE_q1.25_t_0.950",0.0134182266472498
"lower_q1.25_t_0.950",0.796864345145477
"upper_q1.25_t_0.950",1.2633006330938
"CI_width_q1.25_t_0.950",0.466436287948323
"CI_q1.25_t_0.950",0.956834532374101
"power_q1.25_t_0.950",0.0311750599520384
"se_q1.25_t_0.950",NA
"age_q1.25_t_0.950",NA
"sex2_q1.25_t_0.950",NA
"HR_q1.50_t_0.950",1.00333206656468
"MSE_q1.50_t_0.950",0.0133865597422193
"lower_q1.50_t_0.950",0.796874836912095
"upper_q1.50_t_0.950",1.26336077011966
"CI_width_q1.50_t_0.950",0.466485933207564
"CI_q1.50_t_0.950",0.956834532374101
"power_q1.50_t_0.950",0.0311750599520384
"se_q1.50_t_0.950",NA
"age_q1.50_t_0.950",NA
"sex2_q1.50_t_0.950",NA
"HR_q2.00_t_0.950",1.00336897258134
"MSE_q2.00_t_0.950",0.0133515432933523
"lower_q2.00_t_0.950",0.796886214972252
"upper_q2.00_t_0.950",1.26343518275061
"CI_width_q2.00_t_0.950",0.466548967778358
"CI_q2.00_t_0.950",0.956834532374101
"power_q2.00_t_0.950",0.0311750599520384
"se_q2.00_t_0.950",NA
"age_q2.00_t_0.950",NA
"sex2_q2.00_t_0.950",NA
"HR_q3.00_t_0.950",1.00340439193819
"MSE_q3.00_t_0.950",0.0133215669305228
"lower_q3.00_t_0.950",0.796895717828509
"upper_q3.00_t_0.950",1.26350882910125
"CI_width_q3.00_t_0.950",0.466613111272744
"CI_q3.00_t_0.950",0.956834532374101
"power_q3.00_t_0.950",0.0311750599520384
"se_q3.00_t_0.950",NA
"age_q3.00_t_0.950",NA
"sex2_q3.00_t_0.950",NA
"HR_q1.00_t_0.925",1.00516941598359
"MSE_q1.00_t_0.925",0.0126068238048804
"lower_q1.00_t_0.925",0.800905243843521
"upper_q1.00_t_0.925",1.26158216068596
"CI_width_q1.00_t_0.925",0.460676916842439
"CI_q1.00_t_0.925",0.959232613908873
"power_q1.00_t_0.925",0.0287769784172662
"se_q1.00_t_0.925",NA
"age_q1.00_t_0.925",NA
"sex2_q1.00_t_0.925",NA
"HR_q1.25_t_0.925",1.00519854644925
"MSE_q1.25_t_0.925",0.0125279433977119
"lower_q1.25_t_0.925",0.800919068947441
"upper_q1.25_t_0.925",1.26163315479193
"CI_width_q1.25_t_0.925",0.460714085844489
"CI_q1.25_t_0.925",0.961630695443645
"power_q1.25_t_0.925",0.0287769784172662
"se_q1.25_t_0.925",NA
"age_q1.25_t_0.925",NA
"sex2_q1.25_t_0.925",NA
"HR_q1.50_t_0.925",1.00521566751895
"MSE_q1.50_t_0.925",0.0124815855922164
"lower_q1.50_t_0.925",0.800925680994973
"upper_q1.50_t_0.925",1.26166549368594
"CI_width_q1.50_t_0.925",0.460739812690962
"CI_q1.50_t_0.925",0.961630695443645
"power_q1.50_t_0.925",0.0287769784172662
"se_q1.50_t_0.925",NA
"age_q1.50_t_0.925",NA
"sex2_q1.50_t_0.925",NA
"HR_q2.00_t_0.925",1.00523458664165
"MSE_q2.00_t_0.925",0.0124305787486272
"lower_q2.00_t_0.925",0.80093108973767
"upper_q2.00_t_0.925",1.26170419873427
"CI_width_q2.00_t_0.925",0.460773108996603
"CI_q2.00_t_0.925",0.961630695443645
"power_q2.00_t_0.925",0.0287769784172662
"se_q2.00_t_0.925",NA
"age_q2.00_t_0.925",NA
"sex2_q2.00_t_0.925",NA
"HR_q3.00_t_0.925",1.00525085229192
"MSE_q3.00_t_0.925",0.0123872181502394
"lower_q3.00_t_0.925",0.800933415447793
"upper_q3.00_t_0.925",1.26174111408416
"CI_width_q3.00_t_0.925",0.46080769863637
"CI_q3.00_t_0.925",0.961630695443645
"power_q3.00_t_0.925",0.0287769784172662
"se_q3.00_t_0.925",NA
"age_q3.00_t_0.925",NA
"sex2_q3.00_t_0.925",NA
"HR_q1.00_t_0.900",1.00665016288445
"MSE_q1.00_t_0.900",0.0123616097339993
"lower_q1.00_t_0.900",0.803524266688485
"upper_q1.00_t_0.900",1.26115198165418
"CI_width_q1.00_t_0.900",0.457627714965692
"CI_q1.00_t_0.900",0.961630695443645
"power_q1.00_t_0.900",0.026378896882494
"se_q1.00_t_0.900",NA
"age_q1.00_t_0.900",NA
"sex2_q1.00_t_0.900",NA
"HR_q1.25_t_0.900",1.00662624674616
"MSE_q1.25_t_0.900",0.012282046494009
"lower_q1.25_t_0.900",0.803504797067814
"upper_q1.25_t_0.900",1.26112233812011
"CI_width_q1.25_t_0.900",0.457617541052301
"CI_q1.25_t_0.900",0.964028776978417
"power_q1.25_t_0.900",0.026378896882494
"se_q1.25_t_0.900",NA
"age_q1.25_t_0.900",NA
"sex2_q1.25_t_0.900",NA
"HR_q1.50_t_0.900",1.00660758339767
"MSE_q1.50_t_0.900",0.012236297699802
"lower_q1.50_t_0.900",0.803488746180641
"upper_q1.50_t_0.900",1.26110060121553
"CI_width_q1.50_t_0.900",0.457611855034885
"CI_q1.50_t_0.900",0.964028776978417
"power_q1.50_t_0.900",0.026378896882494
"se_q1.50_t_0.900",NA
"age_q1.50_t_0.900",NA
"sex2_q1.50_t_0.900",NA
"HR_q2.00_t_0.900",1.00658131748167
"MSE_q2.00_t_0.900",0.0121872255951887
"lower_q2.00_t_0.900",0.803465318846094
"upper_q2.00_t_0.900",1.26107137217136
"CI_width_q2.00_t_0.900",0.457606053325267
"CI_q2.00_t_0.900",0.964028776978417
"power_q2.00_t_0.900",0.026378896882494
"se_q2.00_t_0.900",NA
"age_q2.00_t_0.900",NA
"sex2_q2.00_t_0.900",NA
"HR_q3.00_t_0.900",1.00655191071754
"MSE_q3.00_t_0.900",0.0121470799519097
"lower_q3.00_t_0.900",0.803438261301059
"upper_q3.00_t_0.900",1.26103999438904
"CI_width_q3.00_t_0.900",0.457601733087981
"CI_q3.00_t_0.900",0.964028776978417
"power_q3.00_t_0.900",0.026378896882494
"se_q3.00_t_0.900",NA
"age_q3.00_t_0.900",NA
"sex2_q3.00_t_0.900",NA
"HR_q1.00_t_0.000",1.00812104076473
"MSE_q1.00_t_0.000",0.0122640248587276
"lower_q1.00_t_0.000",0.80570397562189
"upper_q1.00_t_0.000",1.26139681681852
"CI_width_q1.00_t_0.000",0.455692841196632
"CI_q1.00_t_0.000",0.961630695443645
"power_q1.00_t_0.000",0.026378896882494
"se_q1.00_t_0.000",NA
"age_q1.00_t_0.000",NA
"sex2_q1.00_t_0.000",NA
"HR_q1.25_t_0.000",1.00801441358266
"MSE_q1.25_t_0.000",0.0121823499839107
"lower_q1.25_t_0.000",0.805629906393514
"upper_q1.25_t_0.000",1.26124572535252
"CI_width_q1.25_t_0.000",0.455615818959003
"CI_q1.25_t_0.000",0.964028776978417
"power_q1.25_t_0.000",0.026378896882494
"se_q1.25_t_0.000",NA
"age_q1.25_t_0.000",NA
"sex2_q1.25_t_0.000",NA
"HR_q1.50_t_0.000",1.00794008595523
"MSE_q1.50_t_0.000",0.0121362476667954
"lower_q1.50_t_0.000",0.805576882853085
"upper_q1.50_t_0.000",1.26114261593023
"CI_width_q1.50_t_0.000",0.455565733077146
"CI_q1.50_t_0.000",0.964028776978417
"power_q1.50_t_0.000",0.026378896882494
"se_q1.50_t_0.000",NA
"age_q1.50_t_0.000",NA
"sex2_q1.50_t_0.000",NA
"HR_q2.00_t_0.000",1.00784370196184
"MSE_q2.00_t_0.000",0.0120878667166759
"lower_q2.00_t_0.000",0.805506642684872
"upper_q2.00_t_0.000",1.26101126679925
"CI_width_q2.00_t_0.000",0.455504624114376
"CI_q2.00_t_0.000",0.964028776978417
"power_q2.00_t_0.000",0.026378896882494
"se_q2.00_t_0.000",NA
"age_q2.00_t_0.000",NA
"sex2_q2.00_t_0.000",NA
"HR_q3.00_t_0.000",1.00774362689482
"MSE_q3.00_t_0.000",0.0120496213354325
"lower_q3.00_t_0.000",0.805432152731534
"upper_q3.00_t_0.000",1.26087736896334
"CI_width_q3.00_t_0.000",0.455445216231803
"CI_q3.00_t_0.000",0.964028776978417
"power_q3.00_t_0.000",0.026378896882494
"se_q3.00_t_0.000",NA
"age_q3.00_t_0.000",NA
"sex2_q3.00_t_0.000",NA
